720.0947668781 1974.7200864 110.556315642774
607.099126405737 2186.4325 -127.432791328892
123.481135815356 2436.91741719248 -148.809
128.383635671378 2438.011492879 89.49857
419.539412 1902.852148 93.978658
427.383777452292 1929.08831 -113.075236331359
420.191345284719 1912.45281 -470.621172727431
317.761865 1838.316 -468.381912168576
117.250355061077 2213.57405634637 -488.16433
373.08264881491 2344.59953 -505.333850912358
239.9228228656 2627.5592 -596.01867168349
124.10085 2571.24364448564 -587.723548274208
128.38233 2587.07111185546 -163.051
309.737 2340.88575837233 -141.20378
439.640667222316 2078.1082 -137.16265653
453.069770821773 2098.12676124448 223.538885607248
495.3048671407 1926.779878 -65.5817491064372
434.813941 2057.65931356618 -296.36393928
702.8288 1967.27636442543 -293.3545
1121.58558806559 2123.04662126472 -288.03374
1088.801057747 2140.22770855066 162.613178052262
794.584 1994.58685345 161.301832085808
797.982281639149 1985.01766052652 19.0513417
811.059370542272 1950.558738 -464.4103933
891.589694656273 1797.0303511325 -457.076675414884
694.276085845337 1707.4998081 -457.389676605
1120.2641335 1939.330642 -23.0355834064653
855.094 2060.83269 -20.4024
620.1653 1694.341482 -29.885574
622.0078614338 1677.20155836212 -464.7854386
442.354816512646 1983.43809156241 -498.0594625609
978.919652116393 2110.0412 -494.39078
938.095563525423 2142.49030935874 174.369584618737
1022.950782 2183.135382382 175.155081651177
1064.9939 2161.9405711 -369.223358
1236.95591447121 2260.5068837 -364.01232
663.4313925 1832.76343464677 -367.5525154
654.701262 1833.69820710865 10.517
662.516525 1866.63974685 145.657222177212
364.531285173107 2391.50309 144.3653
401.452537752 2375.459128151 275.62736337
589.66578 2022.46312655431 272.02542
587.12732738094 2007.42979077655 9.0298928
925.982 2177.723314 10.2258
949.991813515827 2160.297 -249.90382879
1060.4734724 1919.548433 -244.138863792748
555.54344 1778.80223931178 -248.628
558.628 1800.52580683885 101.080655126416
789.450418854 1915.18772775267 108.659546715139
689.180820555087 1870.48154831279 195.7473
672.1447 1818.1567 30.9980865553108
691.191233783205 1844.76475605808 -175.558944391476
1068.12935373209 2043.16733886244 -173.74822667
1050.058589 2056.69424 103.882057674207
729.437118333592 1897.3334 103.245422416914
736.292705565338 1871.3947652325 -244.86081172
